$ANSIBLE_VAULT;1.1;AES256
36363762303333343361616132643932613739666239336136633936316332323332643232636633
6662303462633238306337316132343135336131316431660a623336373035316662383765306137
64656139373835323133666138643733363363616130306661616361386664666130666432356437
6161643264373136390a643063353235353533666162323833623532336535616330383939383238
31336435313637353935323263353031656236323465366535663635333135636131633330633966
61326432373062383735393066363335333766663431356534626439383836633731303232393763
63393637643138303030316533396333373236653362646262386436333830363332353237643961
31303139393238656136393232303932346230303935646265616336353235663263326236353039
34363737663166363837643261303038393230383666303061383663613564356631323861323232
38653334306238633630303062396533366432336239613964353431333138386463323530613733
65643263356239633465316536623739343139633637323634333432333632653738666262646564
30363331303062363431636330363932316131363130613036396331356666313331333535653238
30383563653663623662336562643939623039323234626166373964643437626638653334666339
30386462343534313962666565303463363762616532646236376439396663333434663835303162
33656630326130383066643335613334366431666335633765623364626633313834353464343761
61386135623732633237333662656630613333663133646636633931626465356238346434313532
64333234323433623038353735653538666561383835613838633734353263396161613563376237
35366561306534613662653735343362633536393537633131333738323236383561363939316437
38393535613061386462323136326431363665393435383765373933646661346431336636356331
38656366343536613565643361363637356232373263396666383361623534636466346439633261
30623365343738336534353661363932636163666237336462373661303362366231666563623162
36653763373162623462653135393064323963343132333565326261373934373439333639303161
35316335316636373365643562353732306665643763303338613161343734616364333136613139
39376362316435336239613631356165316439323663333437313363343833643265626530316665
62633261333463373962333064656236356364353562383136613638323365663138623766626364
65306266306334396334646666333634336238653865336233333335366232613864626636363136
32666262303861373037373066323939363937626234626331323337356163616661353534313965
35396561653963383665326332306464616338313437356139336539336337666238646363353835
66653030633134353763373961313864613639373365376565376337323839313634313566626235
31343532383330663432363164656530626530313232633632343530326438636232616432353933
66333739323137306432376135336438336237393937613932373863353133363863323666386636
33363838633636373132343435643336633332336534656233323232373339666530663331326630
34386437653535333166393638363566653232303136646432613036326165306664343031623065
3461373636373638376639316438326131363763393439346532
